{"labels": [["gglabs_Trim_000.png", [0.9632942080497742, -0.042622726410627365, -0.26504260301589966, 0.6823575009764199, -0.07502235472202301, -0.9907191395759583, -0.11334574222564697, 0.2662844053812141, -0.2577516436576843, 0.12906940281391144, -0.9575516581535339, 2.598746016122389, 0.0, 0.0, 0.0, 1.0, 4.2647, 0.0, 0.5, 0.0, 4.2647, 0.5, 0.0, 0.0, 1.0]], ["gglabs_Trim_001.png", [0.9632942080497742, -0.042622726410627365, -0.26504260301589966, 0.6823575009764199, -0.07502235472202301, -0.9907191395759583, -0.11334574222564697, 0.2662844053812141, -0.2577516436576843, 0.12906940281391144, -0.9575516581535339, 2.598746016122389, 0.0, 0.0, 0.0, 1.0, 4.2647, 0.0, 0.5, 0.0, 4.2647, 0.5, 0.0, 0.0, 1.0]], ["gglabs_Trim_002.png", [0.9632942080497742, -0.042622726410627365, -0.26504260301589966, 0.6823575009764199, -0.07502235472202301, -0.9907191395759583, -0.11334574222564697, 0.2662844053812141, -0.2577516436576843, 0.12906940281391144, -0.9575516581535339, 2.598746016122389, 0.0, 0.0, 0.0, 1.0, 4.2647, 0.0, 0.5, 0.0, 4.2647, 0.5, 0.0, 0.0, 1.0]], ["gglabs_Trim_003.png", [0.9632942080497742, -0.042622726410627365, -0.26504260301589966, 0.6823575009764199, -0.07502235472202301, -0.9907191395759583, -0.11334574222564697, 0.2662844053812141, -0.2577516436576843, 0.12906940281391144, -0.9575516581535339, 2.598746016122389, 0.0, 0.0, 0.0, 1.0, 4.2647, 0.0, 0.5, 0.0, 4.2647, 0.5, 0.0, 0.0, 1.0]], ["gglabs_Trim_004.png", [0.9632942080497742, -0.042622726410627365, -0.26504260301589966, 0.6823575009764199, -0.07502235472202301, -0.9907191395759583, -0.11334574222564697, 0.2662844053812141, -0.2577516436576843, 0.12906940281391144, -0.9575516581535339, 2.598746016122389, 0.0, 0.0, 0.0, 1.0, 4.2647, 0.0, 0.5, 0.0, 4.2647, 0.5, 0.0, 0.0, 1.0]], ["gglabs_Trim_005.png", [0.9632942080497742, -0.042622726410627365, -0.26504260301589966, 0.6823575009764199, -0.07502235472202301, -0.9907191395759583, -0.11334574222564697, 0.2662844053812141, -0.2577516436576843, 0.12906940281391144, -0.9575516581535339, 2.598746016122389, 0.0, 0.0, 0.0, 1.0, 4.2647, 0.0, 0.5, 0.0, 4.2647, 0.5, 0.0, 0.0, 1.0]], ["gglabs_Trim_006.png", [0.9632942080497742, -0.042622726410627365, -0.26504260301589966, 0.6823575009764199, -0.07502235472202301, -0.9907191395759583, -0.11334574222564697, 0.2662844053812141, -0.2577516436576843, 0.12906940281391144, -0.9575516581535339, 2.598746016122389, 0.0, 0.0, 0.0, 1.0, 4.2647, 0.0, 0.5, 0.0, 4.2647, 0.5, 0.0, 0.0, 1.0]], ["gglabs_Trim_007.png", [0.9632942080497742, -0.042622726410627365, -0.26504260301589966, 0.6823575009764199, -0.07502235472202301, -0.9907191395759583, -0.11334574222564697, 0.2662844053812141, -0.2577516436576843, 0.12906940281391144, -0.9575516581535339, 2.598746016122389, 0.0, 0.0, 0.0, 1.0, 4.2647, 0.0, 0.5, 0.0, 4.2647, 0.5, 0.0, 0.0, 1.0]], ["gglabs_Trim_008.png", [0.9632942080497742, -0.042622726410627365, -0.26504260301589966, 0.6823575009764199, -0.07502235472202301, -0.9907191395759583, -0.11334574222564697, 0.2662844053812141, -0.2577516436576843, 0.12906940281391144, -0.9575516581535339, 2.598746016122389, 0.0, 0.0, 0.0, 1.0, 4.2647, 0.0, 0.5, 0.0, 4.2647, 0.5, 0.0, 0.0, 1.0]], ["gglabs_Trim_009.png", [0.9632942080497742, -0.042622726410627365, -0.26504260301589966, 0.6823575009764199, -0.07502235472202301, -0.9907191395759583, -0.11334574222564697, 0.2662844053812141, -0.2577516436576843, 0.12906940281391144, -0.9575516581535339, 2.598746016122389, 0.0, 0.0, 0.0, 1.0, 4.2647, 0.0, 0.5, 0.0, 4.2647, 0.5, 0.0, 0.0, 1.0]], ["gglabs_Trim_010.png", [0.9632942080497742, -0.042622726410627365, -0.26504260301589966, 0.6823575009764199, -0.07502235472202301, -0.9907191395759583, -0.11334574222564697, 0.2662844053812141, -0.2577516436576843, 0.12906940281391144, -0.9575516581535339, 2.598746016122389, 0.0, 0.0, 0.0, 1.0, 4.2647, 0.0, 0.5, 0.0, 4.2647, 0.5, 0.0, 0.0, 1.0]], ["gglabs_Trim_011.png", [0.9632942080497742, -0.042622726410627365, -0.26504260301589966, 0.6823575009764199, -0.07502235472202301, -0.9907191395759583, -0.11334574222564697, 0.2662844053812141, -0.2577516436576843, 0.12906940281391144, -0.9575516581535339, 2.598746016122389, 0.0, 0.0, 0.0, 1.0, 4.2647, 0.0, 0.5, 0.0, 4.2647, 0.5, 0.0, 0.0, 1.0]], ["gglabs_Trim_012.png", [0.9632942080497742, -0.042622726410627365, -0.26504260301589966, 0.6823575009764199, -0.07502235472202301, -0.9907191395759583, -0.11334574222564697, 0.2662844053812141, -0.2577516436576843, 0.12906940281391144, -0.9575516581535339, 2.598746016122389, 0.0, 0.0, 0.0, 1.0, 4.2647, 0.0, 0.5, 0.0, 4.2647, 0.5, 0.0, 0.0, 1.0]], ["gglabs_Trim_013.png", [0.9632942080497742, -0.042622726410627365, -0.26504260301589966, 0.6823575009764199, -0.07502235472202301, -0.9907191395759583, -0.11334574222564697, 0.2662844053812141, -0.2577516436576843, 0.12906940281391144, -0.9575516581535339, 2.598746016122389, 0.0, 0.0, 0.0, 1.0, 4.2647, 0.0, 0.5, 0.0, 4.2647, 0.5, 0.0, 0.0, 1.0]], ["gglabs_Trim_014.png", [0.9632942080497742, -0.042622726410627365, -0.26504260301589966, 0.6823575009764199, -0.07502235472202301, -0.9907191395759583, -0.11334574222564697, 0.2662844053812141, -0.2577516436576843, 0.12906940281391144, -0.9575516581535339, 2.598746016122389, 0.0, 0.0, 0.0, 1.0, 4.2647, 0.0, 0.5, 0.0, 4.2647, 0.5, 0.0, 0.0, 1.0]], ["gglabs_Trim_015.png", [0.9632942080497742, -0.042622726410627365, -0.26504260301589966, 0.6823575009764199, -0.07502235472202301, -0.9907191395759583, -0.11334574222564697, 0.2662844053812141, -0.2577516436576843, 0.12906940281391144, -0.9575516581535339, 2.598746016122389, 0.0, 0.0, 0.0, 1.0, 4.2647, 0.0, 0.5, 0.0, 4.2647, 0.5, 0.0, 0.0, 1.0]], ["gglabs_Trim_016.png", [0.9632942080497742, -0.042622726410627365, -0.26504260301589966, 0.6823575009764199, -0.07502235472202301, -0.9907191395759583, -0.11334574222564697, 0.2662844053812141, -0.2577516436576843, 0.12906940281391144, -0.9575516581535339, 2.598746016122389, 0.0, 0.0, 0.0, 1.0, 4.2647, 0.0, 0.5, 0.0, 4.2647, 0.5, 0.0, 0.0, 1.0]], ["gglabs_Trim_017.png", [0.9632942080497742, -0.042622726410627365, -0.26504260301589966, 0.6823575009764199, -0.07502235472202301, -0.9907191395759583, -0.11334574222564697, 0.2662844053812141, -0.2577516436576843, 0.12906940281391144, -0.9575516581535339, 2.598746016122389, 0.0, 0.0, 0.0, 1.0, 4.2647, 0.0, 0.5, 0.0, 4.2647, 0.5, 0.0, 0.0, 1.0]], ["gglabs_Trim_018.png", [0.9632942080497742, -0.042622726410627365, -0.26504260301589966, 0.6823575009764199, -0.07502235472202301, -0.9907191395759583, -0.11334574222564697, 0.2662844053812141, -0.2577516436576843, 0.12906940281391144, -0.9575516581535339, 2.598746016122389, 0.0, 0.0, 0.0, 1.0, 4.2647, 0.0, 0.5, 0.0, 4.2647, 0.5, 0.0, 0.0, 1.0]], ["gglabs_Trim_019.png", [0.9632942080497742, -0.042622726410627365, -0.26504260301589966, 0.6823575009764199, -0.07502235472202301, -0.9907191395759583, -0.11334574222564697, 0.2662844053812141, -0.2577516436576843, 0.12906940281391144, -0.9575516581535339, 2.598746016122389, 0.0, 0.0, 0.0, 1.0, 4.2647, 0.0, 0.5, 0.0, 4.2647, 0.5, 0.0, 0.0, 1.0]], ["gglabs_Trim_020.png", [0.9632942080497742, -0.042622726410627365, -0.26504260301589966, 0.6823575009764199, -0.07502235472202301, -0.9907191395759583, -0.11334574222564697, 0.2662844053812141, -0.2577516436576843, 0.12906940281391144, -0.9575516581535339, 2.598746016122389, 0.0, 0.0, 0.0, 1.0, 4.2647, 0.0, 0.5, 0.0, 4.2647, 0.5, 0.0, 0.0, 1.0]], ["gglabs_Trim_021.png", [0.9632942080497742, -0.042622726410627365, -0.26504260301589966, 0.6823575009764199, -0.07502235472202301, -0.9907191395759583, -0.11334574222564697, 0.2662844053812141, -0.2577516436576843, 0.12906940281391144, -0.9575516581535339, 2.598746016122389, 0.0, 0.0, 0.0, 1.0, 4.2647, 0.0, 0.5, 0.0, 4.2647, 0.5, 0.0, 0.0, 1.0]], ["gglabs_Trim_022.png", [0.9632942080497742, -0.042622726410627365, -0.26504260301589966, 0.6823575009764199, -0.07502235472202301, -0.9907191395759583, -0.11334574222564697, 0.2662844053812141, -0.2577516436576843, 0.12906940281391144, -0.9575516581535339, 2.598746016122389, 0.0, 0.0, 0.0, 1.0, 4.2647, 0.0, 0.5, 0.0, 4.2647, 0.5, 0.0, 0.0, 1.0]], ["gglabs_Trim_023.png", [0.9632942080497742, -0.042622726410627365, -0.26504260301589966, 0.6823575009764199, -0.07502235472202301, -0.9907191395759583, -0.11334574222564697, 0.2662844053812141, -0.2577516436576843, 0.12906940281391144, -0.9575516581535339, 2.598746016122389, 0.0, 0.0, 0.0, 1.0, 4.2647, 0.0, 0.5, 0.0, 4.2647, 0.5, 0.0, 0.0, 1.0]], ["gglabs_Trim_024.png", [0.9632942080497742, -0.042622726410627365, -0.26504260301589966, 0.6823575009764199, -0.07502235472202301, -0.9907191395759583, -0.11334574222564697, 0.2662844053812141, -0.2577516436576843, 0.12906940281391144, -0.9575516581535339, 2.598746016122389, 0.0, 0.0, 0.0, 1.0, 4.2647, 0.0, 0.5, 0.0, 4.2647, 0.5, 0.0, 0.0, 1.0]], ["gglabs_Trim_025.png", [0.9632942080497742, -0.042622726410627365, -0.26504260301589966, 0.6823575009764199, -0.07502235472202301, -0.9907191395759583, -0.11334574222564697, 0.2662844053812141, -0.2577516436576843, 0.12906940281391144, -0.9575516581535339, 2.598746016122389, 0.0, 0.0, 0.0, 1.0, 4.2647, 0.0, 0.5, 0.0, 4.2647, 0.5, 0.0, 0.0, 1.0]], ["gglabs_Trim_026.png", [0.9632942080497742, -0.042622726410627365, -0.26504260301589966, 0.6823575009764199, -0.07502235472202301, -0.9907191395759583, -0.11334574222564697, 0.2662844053812141, -0.2577516436576843, 0.12906940281391144, -0.9575516581535339, 2.598746016122389, 0.0, 0.0, 0.0, 1.0, 4.2647, 0.0, 0.5, 0.0, 4.2647, 0.5, 0.0, 0.0, 1.0]], ["gglabs_Trim_027.png", [0.9632942080497742, -0.042622726410627365, -0.26504260301589966, 0.6823575009764199, -0.07502235472202301, -0.9907191395759583, -0.11334574222564697, 0.2662844053812141, -0.2577516436576843, 0.12906940281391144, -0.9575516581535339, 2.598746016122389, 0.0, 0.0, 0.0, 1.0, 4.2647, 0.0, 0.5, 0.0, 4.2647, 0.5, 0.0, 0.0, 1.0]], ["gglabs_Trim_028.png", [0.9632942080497742, -0.042622726410627365, -0.26504260301589966, 0.6823575009764199, -0.07502235472202301, -0.9907191395759583, -0.11334574222564697, 0.2662844053812141, -0.2577516436576843, 0.12906940281391144, -0.9575516581535339, 2.598746016122389, 0.0, 0.0, 0.0, 1.0, 4.2647, 0.0, 0.5, 0.0, 4.2647, 0.5, 0.0, 0.0, 1.0]], ["gglabs_Trim_029.png", [0.9632942080497742, -0.042622726410627365, -0.26504260301589966, 0.6823575009764199, -0.07502235472202301, -0.9907191395759583, -0.11334574222564697, 0.2662844053812141, -0.2577516436576843, 0.12906940281391144, -0.9575516581535339, 2.598746016122389, 0.0, 0.0, 0.0, 1.0, 4.2647, 0.0, 0.5, 0.0, 4.2647, 0.5, 0.0, 0.0, 1.0]], ["gglabs_Trim_030.png", [0.9632942080497742, -0.042622726410627365, -0.26504260301589966, 0.6823575009764199, -0.07502235472202301, -0.9907191395759583, -0.11334574222564697, 0.2662844053812141, -0.2577516436576843, 0.12906940281391144, -0.9575516581535339, 2.598746016122389, 0.0, 0.0, 0.0, 1.0, 4.2647, 0.0, 0.5, 0.0, 4.2647, 0.5, 0.0, 0.0, 1.0]], ["gglabs_Trim_031.png", [0.9632942080497742, -0.042622726410627365, -0.26504260301589966, 0.6823575009764199, -0.07502235472202301, -0.9907191395759583, -0.11334574222564697, 0.2662844053812141, -0.2577516436576843, 0.12906940281391144, -0.9575516581535339, 2.598746016122389, 0.0, 0.0, 0.0, 1.0, 4.2647, 0.0, 0.5, 0.0, 4.2647, 0.5, 0.0, 0.0, 1.0]], ["gglabs_Trim_032.png", [0.9632942080497742, -0.042622726410627365, -0.26504260301589966, 0.6823575009764199, -0.07502235472202301, -0.9907191395759583, -0.11334574222564697, 0.2662844053812141, -0.2577516436576843, 0.12906940281391144, -0.9575516581535339, 2.598746016122389, 0.0, 0.0, 0.0, 1.0, 4.2647, 0.0, 0.5, 0.0, 4.2647, 0.5, 0.0, 0.0, 1.0]], ["gglabs_Trim_033.png", [0.9632942080497742, -0.042622726410627365, -0.26504260301589966, 0.6823575009764199, -0.07502235472202301, -0.9907191395759583, -0.11334574222564697, 0.2662844053812141, -0.2577516436576843, 0.12906940281391144, -0.9575516581535339, 2.598746016122389, 0.0, 0.0, 0.0, 1.0, 4.2647, 0.0, 0.5, 0.0, 4.2647, 0.5, 0.0, 0.0, 1.0]], ["gglabs_Trim_034.png", [0.9632942080497742, -0.042622726410627365, -0.26504260301589966, 0.6823575009764199, -0.07502235472202301, -0.9907191395759583, -0.11334574222564697, 0.2662844053812141, -0.2577516436576843, 0.12906940281391144, -0.9575516581535339, 2.598746016122389, 0.0, 0.0, 0.0, 1.0, 4.2647, 0.0, 0.5, 0.0, 4.2647, 0.5, 0.0, 0.0, 1.0]], ["gglabs_Trim_035.png", [0.9632942080497742, -0.042622726410627365, -0.26504260301589966, 0.6823575009764199, -0.07502235472202301, -0.9907191395759583, -0.11334574222564697, 0.2662844053812141, -0.2577516436576843, 0.12906940281391144, -0.9575516581535339, 2.598746016122389, 0.0, 0.0, 0.0, 1.0, 4.2647, 0.0, 0.5, 0.0, 4.2647, 0.5, 0.0, 0.0, 1.0]], ["gglabs_Trim_036.png", [0.9632942080497742, -0.042622726410627365, -0.26504260301589966, 0.6823575009764199, -0.07502235472202301, -0.9907191395759583, -0.11334574222564697, 0.2662844053812141, -0.2577516436576843, 0.12906940281391144, -0.9575516581535339, 2.598746016122389, 0.0, 0.0, 0.0, 1.0, 4.2647, 0.0, 0.5, 0.0, 4.2647, 0.5, 0.0, 0.0, 1.0]], ["gglabs_Trim_037.png", [0.9632942080497742, -0.042622726410627365, -0.26504260301589966, 0.6823575009764199, -0.07502235472202301, -0.9907191395759583, -0.11334574222564697, 0.2662844053812141, -0.2577516436576843, 0.12906940281391144, -0.9575516581535339, 2.598746016122389, 0.0, 0.0, 0.0, 1.0, 4.2647, 0.0, 0.5, 0.0, 4.2647, 0.5, 0.0, 0.0, 1.0]], ["gglabs_Trim_038.png", [0.9632942080497742, -0.042622726410627365, -0.26504260301589966, 0.6823575009764199, -0.07502235472202301, -0.9907191395759583, -0.11334574222564697, 0.2662844053812141, -0.2577516436576843, 0.12906940281391144, -0.9575516581535339, 2.598746016122389, 0.0, 0.0, 0.0, 1.0, 4.2647, 0.0, 0.5, 0.0, 4.2647, 0.5, 0.0, 0.0, 1.0]], ["gglabs_Trim_039.png", [0.9632942080497742, -0.042622726410627365, -0.26504260301589966, 0.6823575009764199, -0.07502235472202301, -0.9907191395759583, -0.11334574222564697, 0.2662844053812141, -0.2577516436576843, 0.12906940281391144, -0.9575516581535339, 2.598746016122389, 0.0, 0.0, 0.0, 1.0, 4.2647, 0.0, 0.5, 0.0, 4.2647, 0.5, 0.0, 0.0, 1.0]], ["gglabs_Trim_040.png", [0.9632942080497742, -0.042622726410627365, -0.26504260301589966, 0.6823575009764199, -0.07502235472202301, -0.9907191395759583, -0.11334574222564697, 0.2662844053812141, -0.2577516436576843, 0.12906940281391144, -0.9575516581535339, 2.598746016122389, 0.0, 0.0, 0.0, 1.0, 4.2647, 0.0, 0.5, 0.0, 4.2647, 0.5, 0.0, 0.0, 1.0]], ["gglabs_Trim_041.png", [0.9632942080497742, -0.042622726410627365, -0.26504260301589966, 0.6823575009764199, -0.07502235472202301, -0.9907191395759583, -0.11334574222564697, 0.2662844053812141, -0.2577516436576843, 0.12906940281391144, -0.9575516581535339, 2.598746016122389, 0.0, 0.0, 0.0, 1.0, 4.2647, 0.0, 0.5, 0.0, 4.2647, 0.5, 0.0, 0.0, 1.0]], ["gglabs_Trim_042.png", [0.9632942080497742, -0.042622726410627365, -0.26504260301589966, 0.6823575009764199, -0.07502235472202301, -0.9907191395759583, -0.11334574222564697, 0.2662844053812141, -0.2577516436576843, 0.12906940281391144, -0.9575516581535339, 2.598746016122389, 0.0, 0.0, 0.0, 1.0, 4.2647, 0.0, 0.5, 0.0, 4.2647, 0.5, 0.0, 0.0, 1.0]], ["gglabs_Trim_043.png", [0.9632942080497742, -0.042622726410627365, -0.26504260301589966, 0.6823575009764199, -0.07502235472202301, -0.9907191395759583, -0.11334574222564697, 0.2662844053812141, -0.2577516436576843, 0.12906940281391144, -0.9575516581535339, 2.598746016122389, 0.0, 0.0, 0.0, 1.0, 4.2647, 0.0, 0.5, 0.0, 4.2647, 0.5, 0.0, 0.0, 1.0]], ["gglabs_Trim_044.png", [0.9632942080497742, -0.042622726410627365, -0.26504260301589966, 0.6823575009764199, -0.07502235472202301, -0.9907191395759583, -0.11334574222564697, 0.2662844053812141, -0.2577516436576843, 0.12906940281391144, -0.9575516581535339, 2.598746016122389, 0.0, 0.0, 0.0, 1.0, 4.2647, 0.0, 0.5, 0.0, 4.2647, 0.5, 0.0, 0.0, 1.0]], ["gglabs_Trim_045.png", [0.9632942080497742, -0.042622726410627365, -0.26504260301589966, 0.6823575009764199, -0.07502235472202301, -0.9907191395759583, -0.11334574222564697, 0.2662844053812141, -0.2577516436576843, 0.12906940281391144, -0.9575516581535339, 2.598746016122389, 0.0, 0.0, 0.0, 1.0, 4.2647, 0.0, 0.5, 0.0, 4.2647, 0.5, 0.0, 0.0, 1.0]], ["gglabs_Trim_046.png", [0.9632942080497742, -0.042622726410627365, -0.26504260301589966, 0.6823575009764199, -0.07502235472202301, -0.9907191395759583, -0.11334574222564697, 0.2662844053812141, -0.2577516436576843, 0.12906940281391144, -0.9575516581535339, 2.598746016122389, 0.0, 0.0, 0.0, 1.0, 4.2647, 0.0, 0.5, 0.0, 4.2647, 0.5, 0.0, 0.0, 1.0]], ["gglabs_Trim_047.png", [0.9632942080497742, -0.042622726410627365, -0.26504260301589966, 0.6823575009764199, -0.07502235472202301, -0.9907191395759583, -0.11334574222564697, 0.2662844053812141, -0.2577516436576843, 0.12906940281391144, -0.9575516581535339, 2.598746016122389, 0.0, 0.0, 0.0, 1.0, 4.2647, 0.0, 0.5, 0.0, 4.2647, 0.5, 0.0, 0.0, 1.0]], ["gglabs_Trim_048.png", [0.9632942080497742, -0.042622726410627365, -0.26504260301589966, 0.6823575009764199, -0.07502235472202301, -0.9907191395759583, -0.11334574222564697, 0.2662844053812141, -0.2577516436576843, 0.12906940281391144, -0.9575516581535339, 2.598746016122389, 0.0, 0.0, 0.0, 1.0, 4.2647, 0.0, 0.5, 0.0, 4.2647, 0.5, 0.0, 0.0, 1.0]], ["gglabs_Trim_049.png", [0.9632942080497742, -0.042622726410627365, -0.26504260301589966, 0.6823575009764199, -0.07502235472202301, -0.9907191395759583, -0.11334574222564697, 0.2662844053812141, -0.2577516436576843, 0.12906940281391144, -0.9575516581535339, 2.598746016122389, 0.0, 0.0, 0.0, 1.0, 4.2647, 0.0, 0.5, 0.0, 4.2647, 0.5, 0.0, 0.0, 1.0]], ["gglabs_Trim_050.png", [0.9632942080497742, -0.042622726410627365, -0.26504260301589966, 0.6823575009764199, -0.07502235472202301, -0.9907191395759583, -0.11334574222564697, 0.2662844053812141, -0.2577516436576843, 0.12906940281391144, -0.9575516581535339, 2.598746016122389, 0.0, 0.0, 0.0, 1.0, 4.2647, 0.0, 0.5, 0.0, 4.2647, 0.5, 0.0, 0.0, 1.0]], ["gglabs_Trim_051.png", [0.9632942080497742, -0.042622726410627365, -0.26504260301589966, 0.6823575009764199, -0.07502235472202301, -0.9907191395759583, -0.11334574222564697, 0.2662844053812141, -0.2577516436576843, 0.12906940281391144, -0.9575516581535339, 2.598746016122389, 0.0, 0.0, 0.0, 1.0, 4.2647, 0.0, 0.5, 0.0, 4.2647, 0.5, 0.0, 0.0, 1.0]], ["gglabs_Trim_052.png", [0.9632942080497742, -0.042622726410627365, -0.26504260301589966, 0.6823575009764199, -0.07502235472202301, -0.9907191395759583, -0.11334574222564697, 0.2662844053812141, -0.2577516436576843, 0.12906940281391144, -0.9575516581535339, 2.598746016122389, 0.0, 0.0, 0.0, 1.0, 4.2647, 0.0, 0.5, 0.0, 4.2647, 0.5, 0.0, 0.0, 1.0]], ["gglabs_Trim_053.png", [0.9632942080497742, -0.042622726410627365, -0.26504260301589966, 0.6823575009764199, -0.07502235472202301, -0.9907191395759583, -0.11334574222564697, 0.2662844053812141, -0.2577516436576843, 0.12906940281391144, -0.9575516581535339, 2.598746016122389, 0.0, 0.0, 0.0, 1.0, 4.2647, 0.0, 0.5, 0.0, 4.2647, 0.5, 0.0, 0.0, 1.0]], ["gglabs_Trim_054.png", [0.9632942080497742, -0.042622726410627365, -0.26504260301589966, 0.6823575009764199, -0.07502235472202301, -0.9907191395759583, -0.11334574222564697, 0.2662844053812141, -0.2577516436576843, 0.12906940281391144, -0.9575516581535339, 2.598746016122389, 0.0, 0.0, 0.0, 1.0, 4.2647, 0.0, 0.5, 0.0, 4.2647, 0.5, 0.0, 0.0, 1.0]], ["gglabs_Trim_055.png", [0.9632942080497742, -0.042622726410627365, -0.26504260301589966, 0.6823575009764199, -0.07502235472202301, -0.9907191395759583, -0.11334574222564697, 0.2662844053812141, -0.2577516436576843, 0.12906940281391144, -0.9575516581535339, 2.598746016122389, 0.0, 0.0, 0.0, 1.0, 4.2647, 0.0, 0.5, 0.0, 4.2647, 0.5, 0.0, 0.0, 1.0]], ["gglabs_Trim_056.png", [0.9632942080497742, -0.042622726410627365, -0.26504260301589966, 0.6823575009764199, -0.07502235472202301, -0.9907191395759583, -0.11334574222564697, 0.2662844053812141, -0.2577516436576843, 0.12906940281391144, -0.9575516581535339, 2.598746016122389, 0.0, 0.0, 0.0, 1.0, 4.2647, 0.0, 0.5, 0.0, 4.2647, 0.5, 0.0, 0.0, 1.0]], ["gglabs_Trim_057.png", [0.9632942080497742, -0.042622726410627365, -0.26504260301589966, 0.6823575009764199, -0.07502235472202301, -0.9907191395759583, -0.11334574222564697, 0.2662844053812141, -0.2577516436576843, 0.12906940281391144, -0.9575516581535339, 2.598746016122389, 0.0, 0.0, 0.0, 1.0, 4.2647, 0.0, 0.5, 0.0, 4.2647, 0.5, 0.0, 0.0, 1.0]], ["gglabs_Trim_058.png", [0.9632942080497742, -0.042622726410627365, -0.26504260301589966, 0.6823575009764199, -0.07502235472202301, -0.9907191395759583, -0.11334574222564697, 0.2662844053812141, -0.2577516436576843, 0.12906940281391144, -0.9575516581535339, 2.598746016122389, 0.0, 0.0, 0.0, 1.0, 4.2647, 0.0, 0.5, 0.0, 4.2647, 0.5, 0.0, 0.0, 1.0]], ["gglabs_Trim_059.png", [0.9632942080497742, -0.042622726410627365, -0.26504260301589966, 0.6823575009764199, -0.07502235472202301, -0.9907191395759583, -0.11334574222564697, 0.2662844053812141, -0.2577516436576843, 0.12906940281391144, -0.9575516581535339, 2.598746016122389, 0.0, 0.0, 0.0, 1.0, 4.2647, 0.0, 0.5, 0.0, 4.2647, 0.5, 0.0, 0.0, 1.0]], ["gglabs_Trim_060.png", [0.9632942080497742, -0.042622726410627365, -0.26504260301589966, 0.6823575009764199, -0.07502235472202301, -0.9907191395759583, -0.11334574222564697, 0.2662844053812141, -0.2577516436576843, 0.12906940281391144, -0.9575516581535339, 2.598746016122389, 0.0, 0.0, 0.0, 1.0, 4.2647, 0.0, 0.5, 0.0, 4.2647, 0.5, 0.0, 0.0, 1.0]], ["gglabs_Trim_061.png", [0.9632942080497742, -0.042622726410627365, -0.26504260301589966, 0.6823575009764199, -0.07502235472202301, -0.9907191395759583, -0.11334574222564697, 0.2662844053812141, -0.2577516436576843, 0.12906940281391144, -0.9575516581535339, 2.598746016122389, 0.0, 0.0, 0.0, 1.0, 4.2647, 0.0, 0.5, 0.0, 4.2647, 0.5, 0.0, 0.0, 1.0]], ["gglabs_Trim_062.png", [0.9632942080497742, -0.042622726410627365, -0.26504260301589966, 0.6823575009764199, -0.07502235472202301, -0.9907191395759583, -0.11334574222564697, 0.2662844053812141, -0.2577516436576843, 0.12906940281391144, -0.9575516581535339, 2.598746016122389, 0.0, 0.0, 0.0, 1.0, 4.2647, 0.0, 0.5, 0.0, 4.2647, 0.5, 0.0, 0.0, 1.0]], ["gglabs_Trim_063.png", [0.9632942080497742, -0.042622726410627365, -0.26504260301589966, 0.6823575009764199, -0.07502235472202301, -0.9907191395759583, -0.11334574222564697, 0.2662844053812141, -0.2577516436576843, 0.12906940281391144, -0.9575516581535339, 2.598746016122389, 0.0, 0.0, 0.0, 1.0, 4.2647, 0.0, 0.5, 0.0, 4.2647, 0.5, 0.0, 0.0, 1.0]], ["gglabs_Trim_064.png", [0.9632942080497742, -0.042622726410627365, -0.26504260301589966, 0.6823575009764199, -0.07502235472202301, -0.9907191395759583, -0.11334574222564697, 0.2662844053812141, -0.2577516436576843, 0.12906940281391144, -0.9575516581535339, 2.598746016122389, 0.0, 0.0, 0.0, 1.0, 4.2647, 0.0, 0.5, 0.0, 4.2647, 0.5, 0.0, 0.0, 1.0]], ["gglabs_Trim_065.png", [0.9632942080497742, -0.042622726410627365, -0.26504260301589966, 0.6823575009764199, -0.07502235472202301, -0.9907191395759583, -0.11334574222564697, 0.2662844053812141, -0.2577516436576843, 0.12906940281391144, -0.9575516581535339, 2.598746016122389, 0.0, 0.0, 0.0, 1.0, 4.2647, 0.0, 0.5, 0.0, 4.2647, 0.5, 0.0, 0.0, 1.0]], ["gglabs_Trim_066.png", [0.9632942080497742, -0.042622726410627365, -0.26504260301589966, 0.6823575009764199, -0.07502235472202301, -0.9907191395759583, -0.11334574222564697, 0.2662844053812141, -0.2577516436576843, 0.12906940281391144, -0.9575516581535339, 2.598746016122389, 0.0, 0.0, 0.0, 1.0, 4.2647, 0.0, 0.5, 0.0, 4.2647, 0.5, 0.0, 0.0, 1.0]], ["gglabs_Trim_067.png", [0.9632942080497742, -0.042622726410627365, -0.26504260301589966, 0.6823575009764199, -0.07502235472202301, -0.9907191395759583, -0.11334574222564697, 0.2662844053812141, -0.2577516436576843, 0.12906940281391144, -0.9575516581535339, 2.598746016122389, 0.0, 0.0, 0.0, 1.0, 4.2647, 0.0, 0.5, 0.0, 4.2647, 0.5, 0.0, 0.0, 1.0]], ["gglabs_Trim_068.png", [0.9632942080497742, -0.042622726410627365, -0.26504260301589966, 0.6823575009764199, -0.07502235472202301, -0.9907191395759583, -0.11334574222564697, 0.2662844053812141, -0.2577516436576843, 0.12906940281391144, -0.9575516581535339, 2.598746016122389, 0.0, 0.0, 0.0, 1.0, 4.2647, 0.0, 0.5, 0.0, 4.2647, 0.5, 0.0, 0.0, 1.0]], ["gglabs_Trim_069.png", [0.9632942080497742, -0.042622726410627365, -0.26504260301589966, 0.6823575009764199, -0.07502235472202301, -0.9907191395759583, -0.11334574222564697, 0.2662844053812141, -0.2577516436576843, 0.12906940281391144, -0.9575516581535339, 2.598746016122389, 0.0, 0.0, 0.0, 1.0, 4.2647, 0.0, 0.5, 0.0, 4.2647, 0.5, 0.0, 0.0, 1.0]], ["gglabs_Trim_070.png", [0.9632942080497742, -0.042622726410627365, -0.26504260301589966, 0.6823575009764199, -0.07502235472202301, -0.9907191395759583, -0.11334574222564697, 0.2662844053812141, -0.2577516436576843, 0.12906940281391144, -0.9575516581535339, 2.598746016122389, 0.0, 0.0, 0.0, 1.0, 4.2647, 0.0, 0.5, 0.0, 4.2647, 0.5, 0.0, 0.0, 1.0]], ["gglabs_Trim_071.png", [0.9632942080497742, -0.042622726410627365, -0.26504260301589966, 0.6823575009764199, -0.07502235472202301, -0.9907191395759583, -0.11334574222564697, 0.2662844053812141, -0.2577516436576843, 0.12906940281391144, -0.9575516581535339, 2.598746016122389, 0.0, 0.0, 0.0, 1.0, 4.2647, 0.0, 0.5, 0.0, 4.2647, 0.5, 0.0, 0.0, 1.0]], ["gglabs_Trim_072.png", [0.9632942080497742, -0.042622726410627365, -0.26504260301589966, 0.6823575009764199, -0.07502235472202301, -0.9907191395759583, -0.11334574222564697, 0.2662844053812141, -0.2577516436576843, 0.12906940281391144, -0.9575516581535339, 2.598746016122389, 0.0, 0.0, 0.0, 1.0, 4.2647, 0.0, 0.5, 0.0, 4.2647, 0.5, 0.0, 0.0, 1.0]], ["gglabs_Trim_073.png", [0.9632942080497742, -0.042622726410627365, -0.26504260301589966, 0.6823575009764199, -0.07502235472202301, -0.9907191395759583, -0.11334574222564697, 0.2662844053812141, -0.2577516436576843, 0.12906940281391144, -0.9575516581535339, 2.598746016122389, 0.0, 0.0, 0.0, 1.0, 4.2647, 0.0, 0.5, 0.0, 4.2647, 0.5, 0.0, 0.0, 1.0]], ["gglabs_Trim_074.png", [0.9632942080497742, -0.042622726410627365, -0.26504260301589966, 0.6823575009764199, -0.07502235472202301, -0.9907191395759583, -0.11334574222564697, 0.2662844053812141, -0.2577516436576843, 0.12906940281391144, -0.9575516581535339, 2.598746016122389, 0.0, 0.0, 0.0, 1.0, 4.2647, 0.0, 0.5, 0.0, 4.2647, 0.5, 0.0, 0.0, 1.0]], ["gglabs_Trim_075.png", [0.9632942080497742, -0.042622726410627365, -0.26504260301589966, 0.6823575009764199, -0.07502235472202301, -0.9907191395759583, -0.11334574222564697, 0.2662844053812141, -0.2577516436576843, 0.12906940281391144, -0.9575516581535339, 2.598746016122389, 0.0, 0.0, 0.0, 1.0, 4.2647, 0.0, 0.5, 0.0, 4.2647, 0.5, 0.0, 0.0, 1.0]], ["gglabs_Trim_076.png", [0.9632942080497742, -0.042622726410627365, -0.26504260301589966, 0.6823575009764199, -0.07502235472202301, -0.9907191395759583, -0.11334574222564697, 0.2662844053812141, -0.2577516436576843, 0.12906940281391144, -0.9575516581535339, 2.598746016122389, 0.0, 0.0, 0.0, 1.0, 4.2647, 0.0, 0.5, 0.0, 4.2647, 0.5, 0.0, 0.0, 1.0]], ["gglabs_Trim_077.png", [0.9632942080497742, -0.042622726410627365, -0.26504260301589966, 0.6823575009764199, -0.07502235472202301, -0.9907191395759583, -0.11334574222564697, 0.2662844053812141, -0.2577516436576843, 0.12906940281391144, -0.9575516581535339, 2.598746016122389, 0.0, 0.0, 0.0, 1.0, 4.2647, 0.0, 0.5, 0.0, 4.2647, 0.5, 0.0, 0.0, 1.0]], ["gglabs_Trim_078.png", [0.9632942080497742, -0.042622726410627365, -0.26504260301589966, 0.6823575009764199, -0.07502235472202301, -0.9907191395759583, -0.11334574222564697, 0.2662844053812141, -0.2577516436576843, 0.12906940281391144, -0.9575516581535339, 2.598746016122389, 0.0, 0.0, 0.0, 1.0, 4.2647, 0.0, 0.5, 0.0, 4.2647, 0.5, 0.0, 0.0, 1.0]], ["gglabs_Trim_079.png", [0.9632942080497742, -0.042622726410627365, -0.26504260301589966, 0.6823575009764199, -0.07502235472202301, -0.9907191395759583, -0.11334574222564697, 0.2662844053812141, -0.2577516436576843, 0.12906940281391144, -0.9575516581535339, 2.598746016122389, 0.0, 0.0, 0.0, 1.0, 4.2647, 0.0, 0.5, 0.0, 4.2647, 0.5, 0.0, 0.0, 1.0]], ["gglabs_Trim_080.png", [0.9632942080497742, -0.042622726410627365, -0.26504260301589966, 0.6823575009764199, -0.07502235472202301, -0.9907191395759583, -0.11334574222564697, 0.2662844053812141, -0.2577516436576843, 0.12906940281391144, -0.9575516581535339, 2.598746016122389, 0.0, 0.0, 0.0, 1.0, 4.2647, 0.0, 0.5, 0.0, 4.2647, 0.5, 0.0, 0.0, 1.0]], ["gglabs_Trim_081.png", [0.9632942080497742, -0.042622726410627365, -0.26504260301589966, 0.6823575009764199, -0.07502235472202301, -0.9907191395759583, -0.11334574222564697, 0.2662844053812141, -0.2577516436576843, 0.12906940281391144, -0.9575516581535339, 2.598746016122389, 0.0, 0.0, 0.0, 1.0, 4.2647, 0.0, 0.5, 0.0, 4.2647, 0.5, 0.0, 0.0, 1.0]], ["gglabs_Trim_082.png", [0.9632942080497742, -0.042622726410627365, -0.26504260301589966, 0.6823575009764199, -0.07502235472202301, -0.9907191395759583, -0.11334574222564697, 0.2662844053812141, -0.2577516436576843, 0.12906940281391144, -0.9575516581535339, 2.598746016122389, 0.0, 0.0, 0.0, 1.0, 4.2647, 0.0, 0.5, 0.0, 4.2647, 0.5, 0.0, 0.0, 1.0]], ["gglabs_Trim_083.png", [0.9632942080497742, -0.042622726410627365, -0.26504260301589966, 0.6823575009764199, -0.07502235472202301, -0.9907191395759583, -0.11334574222564697, 0.2662844053812141, -0.2577516436576843, 0.12906940281391144, -0.9575516581535339, 2.598746016122389, 0.0, 0.0, 0.0, 1.0, 4.2647, 0.0, 0.5, 0.0, 4.2647, 0.5, 0.0, 0.0, 1.0]], ["gglabs_Trim_084.png", [0.9632942080497742, -0.042622726410627365, -0.26504260301589966, 0.6823575009764199, -0.07502235472202301, -0.9907191395759583, -0.11334574222564697, 0.2662844053812141, -0.2577516436576843, 0.12906940281391144, -0.9575516581535339, 2.598746016122389, 0.0, 0.0, 0.0, 1.0, 4.2647, 0.0, 0.5, 0.0, 4.2647, 0.5, 0.0, 0.0, 1.0]], ["gglabs_Trim_085.png", [0.9632942080497742, -0.042622726410627365, -0.26504260301589966, 0.6823575009764199, -0.07502235472202301, -0.9907191395759583, -0.11334574222564697, 0.2662844053812141, -0.2577516436576843, 0.12906940281391144, -0.9575516581535339, 2.598746016122389, 0.0, 0.0, 0.0, 1.0, 4.2647, 0.0, 0.5, 0.0, 4.2647, 0.5, 0.0, 0.0, 1.0]], ["gglabs_Trim_086.png", [0.9632942080497742, -0.042622726410627365, -0.26504260301589966, 0.6823575009764199, -0.07502235472202301, -0.9907191395759583, -0.11334574222564697, 0.2662844053812141, -0.2577516436576843, 0.12906940281391144, -0.9575516581535339, 2.598746016122389, 0.0, 0.0, 0.0, 1.0, 4.2647, 0.0, 0.5, 0.0, 4.2647, 0.5, 0.0, 0.0, 1.0]], ["gglabs_Trim_087.png", [0.9632942080497742, -0.042622726410627365, -0.26504260301589966, 0.6823575009764199, -0.07502235472202301, -0.9907191395759583, -0.11334574222564697, 0.2662844053812141, -0.2577516436576843, 0.12906940281391144, -0.9575516581535339, 2.598746016122389, 0.0, 0.0, 0.0, 1.0, 4.2647, 0.0, 0.5, 0.0, 4.2647, 0.5, 0.0, 0.0, 1.0]], ["gglabs_Trim_088.png", [0.9632942080497742, -0.042622726410627365, -0.26504260301589966, 0.6823575009764199, -0.07502235472202301, -0.9907191395759583, -0.11334574222564697, 0.2662844053812141, -0.2577516436576843, 0.12906940281391144, -0.9575516581535339, 2.598746016122389, 0.0, 0.0, 0.0, 1.0, 4.2647, 0.0, 0.5, 0.0, 4.2647, 0.5, 0.0, 0.0, 1.0]], ["gglabs_Trim_089.png", [0.9632942080497742, -0.042622726410627365, -0.26504260301589966, 0.6823575009764199, -0.07502235472202301, -0.9907191395759583, -0.11334574222564697, 0.2662844053812141, -0.2577516436576843, 0.12906940281391144, -0.9575516581535339, 2.598746016122389, 0.0, 0.0, 0.0, 1.0, 4.2647, 0.0, 0.5, 0.0, 4.2647, 0.5, 0.0, 0.0, 1.0]], ["gglabs_Trim_090.png", [0.9632942080497742, -0.042622726410627365, -0.26504260301589966, 0.6823575009764199, -0.07502235472202301, -0.9907191395759583, -0.11334574222564697, 0.2662844053812141, -0.2577516436576843, 0.12906940281391144, -0.9575516581535339, 2.598746016122389, 0.0, 0.0, 0.0, 1.0, 4.2647, 0.0, 0.5, 0.0, 4.2647, 0.5, 0.0, 0.0, 1.0]], ["gglabs_Trim_091.png", [0.9632942080497742, -0.042622726410627365, -0.26504260301589966, 0.6823575009764199, -0.07502235472202301, -0.9907191395759583, -0.11334574222564697, 0.2662844053812141, -0.2577516436576843, 0.12906940281391144, -0.9575516581535339, 2.598746016122389, 0.0, 0.0, 0.0, 1.0, 4.2647, 0.0, 0.5, 0.0, 4.2647, 0.5, 0.0, 0.0, 1.0]], ["gglabs_Trim_092.png", [0.9632942080497742, -0.042622726410627365, -0.26504260301589966, 0.6823575009764199, -0.07502235472202301, -0.9907191395759583, -0.11334574222564697, 0.2662844053812141, -0.2577516436576843, 0.12906940281391144, -0.9575516581535339, 2.598746016122389, 0.0, 0.0, 0.0, 1.0, 4.2647, 0.0, 0.5, 0.0, 4.2647, 0.5, 0.0, 0.0, 1.0]], ["gglabs_Trim_093.png", [0.9632942080497742, -0.042622726410627365, -0.26504260301589966, 0.6823575009764199, -0.07502235472202301, -0.9907191395759583, -0.11334574222564697, 0.2662844053812141, -0.2577516436576843, 0.12906940281391144, -0.9575516581535339, 2.598746016122389, 0.0, 0.0, 0.0, 1.0, 4.2647, 0.0, 0.5, 0.0, 4.2647, 0.5, 0.0, 0.0, 1.0]], ["gglabs_Trim_094.png", [0.9632942080497742, -0.042622726410627365, -0.26504260301589966, 0.6823575009764199, -0.07502235472202301, -0.9907191395759583, -0.11334574222564697, 0.2662844053812141, -0.2577516436576843, 0.12906940281391144, -0.9575516581535339, 2.598746016122389, 0.0, 0.0, 0.0, 1.0, 4.2647, 0.0, 0.5, 0.0, 4.2647, 0.5, 0.0, 0.0, 1.0]], ["gglabs_Trim_095.png", [0.9632942080497742, -0.042622726410627365, -0.26504260301589966, 0.6823575009764199, -0.07502235472202301, -0.9907191395759583, -0.11334574222564697, 0.2662844053812141, -0.2577516436576843, 0.12906940281391144, -0.9575516581535339, 2.598746016122389, 0.0, 0.0, 0.0, 1.0, 4.2647, 0.0, 0.5, 0.0, 4.2647, 0.5, 0.0, 0.0, 1.0]], ["gglabs_Trim_096.png", [0.9632942080497742, -0.042622726410627365, -0.26504260301589966, 0.6823575009764199, -0.07502235472202301, -0.9907191395759583, -0.11334574222564697, 0.2662844053812141, -0.2577516436576843, 0.12906940281391144, -0.9575516581535339, 2.598746016122389, 0.0, 0.0, 0.0, 1.0, 4.2647, 0.0, 0.5, 0.0, 4.2647, 0.5, 0.0, 0.0, 1.0]], ["gglabs_Trim_097.png", [0.9632942080497742, -0.042622726410627365, -0.26504260301589966, 0.6823575009764199, -0.07502235472202301, -0.9907191395759583, -0.11334574222564697, 0.2662844053812141, -0.2577516436576843, 0.12906940281391144, -0.9575516581535339, 2.598746016122389, 0.0, 0.0, 0.0, 1.0, 4.2647, 0.0, 0.5, 0.0, 4.2647, 0.5, 0.0, 0.0, 1.0]], ["gglabs_Trim_098.png", [0.9632942080497742, -0.042622726410627365, -0.26504260301589966, 0.6823575009764199, -0.07502235472202301, -0.9907191395759583, -0.11334574222564697, 0.2662844053812141, -0.2577516436576843, 0.12906940281391144, -0.9575516581535339, 2.598746016122389, 0.0, 0.0, 0.0, 1.0, 4.2647, 0.0, 0.5, 0.0, 4.2647, 0.5, 0.0, 0.0, 1.0]], ["gglabs_Trim_099.png", [0.9632942080497742, -0.042622726410627365, -0.26504260301589966, 0.6823575009764199, -0.07502235472202301, -0.9907191395759583, -0.11334574222564697, 0.2662844053812141, -0.2577516436576843, 0.12906940281391144, -0.9575516581535339, 2.598746016122389, 0.0, 0.0, 0.0, 1.0, 4.2647, 0.0, 0.5, 0.0, 4.2647, 0.5, 0.0, 0.0, 1.0]], ["gglabs_Trim_100.png", [0.9632942080497742, -0.042622726410627365, -0.26504260301589966, 0.6823575009764199, -0.07502235472202301, -0.9907191395759583, -0.11334574222564697, 0.2662844053812141, -0.2577516436576843, 0.12906940281391144, -0.9575516581535339, 2.598746016122389, 0.0, 0.0, 0.0, 1.0, 4.2647, 0.0, 0.5, 0.0, 4.2647, 0.5, 0.0, 0.0, 1.0]], ["gglabs_Trim_101.png", [0.9632942080497742, -0.042622726410627365, -0.26504260301589966, 0.6823575009764199, -0.07502235472202301, -0.9907191395759583, -0.11334574222564697, 0.2662844053812141, -0.2577516436576843, 0.12906940281391144, -0.9575516581535339, 2.598746016122389, 0.0, 0.0, 0.0, 1.0, 4.2647, 0.0, 0.5, 0.0, 4.2647, 0.5, 0.0, 0.0, 1.0]], ["gglabs_Trim_102.png", [0.9632942080497742, -0.042622726410627365, -0.26504260301589966, 0.6823575009764199, -0.07502235472202301, -0.9907191395759583, -0.11334574222564697, 0.2662844053812141, -0.2577516436576843, 0.12906940281391144, -0.9575516581535339, 2.598746016122389, 0.0, 0.0, 0.0, 1.0, 4.2647, 0.0, 0.5, 0.0, 4.2647, 0.5, 0.0, 0.0, 1.0]], ["gglabs_Trim_103.png", [0.9632942080497742, -0.042622726410627365, -0.26504260301589966, 0.6823575009764199, -0.07502235472202301, -0.9907191395759583, -0.11334574222564697, 0.2662844053812141, -0.2577516436576843, 0.12906940281391144, -0.9575516581535339, 2.598746016122389, 0.0, 0.0, 0.0, 1.0, 4.2647, 0.0, 0.5, 0.0, 4.2647, 0.5, 0.0, 0.0, 1.0]], ["gglabs_Trim_104.png", [0.9632942080497742, -0.042622726410627365, -0.26504260301589966, 0.6823575009764199, -0.07502235472202301, -0.9907191395759583, -0.11334574222564697, 0.2662844053812141, -0.2577516436576843, 0.12906940281391144, -0.9575516581535339, 2.598746016122389, 0.0, 0.0, 0.0, 1.0, 4.2647, 0.0, 0.5, 0.0, 4.2647, 0.5, 0.0, 0.0, 1.0]], ["gglabs_Trim_105.png", [0.9632942080497742, -0.042622726410627365, -0.26504260301589966, 0.6823575009764199, -0.07502235472202301, -0.9907191395759583, -0.11334574222564697, 0.2662844053812141, -0.2577516436576843, 0.12906940281391144, -0.9575516581535339, 2.598746016122389, 0.0, 0.0, 0.0, 1.0, 4.2647, 0.0, 0.5, 0.0, 4.2647, 0.5, 0.0, 0.0, 1.0]], ["gglabs_Trim_106.png", [0.9632942080497742, -0.042622726410627365, -0.26504260301589966, 0.6823575009764199, -0.07502235472202301, -0.9907191395759583, -0.11334574222564697, 0.2662844053812141, -0.2577516436576843, 0.12906940281391144, -0.9575516581535339, 2.598746016122389, 0.0, 0.0, 0.0, 1.0, 4.2647, 0.0, 0.5, 0.0, 4.2647, 0.5, 0.0, 0.0, 1.0]], ["gglabs_Trim_107.png", [0.9632942080497742, -0.042622726410627365, -0.26504260301589966, 0.6823575009764199, -0.07502235472202301, -0.9907191395759583, -0.11334574222564697, 0.2662844053812141, -0.2577516436576843, 0.12906940281391144, -0.9575516581535339, 2.598746016122389, 0.0, 0.0, 0.0, 1.0, 4.2647, 0.0, 0.5, 0.0, 4.2647, 0.5, 0.0, 0.0, 1.0]], ["gglabs_Trim_108.png", [0.9632942080497742, -0.042622726410627365, -0.26504260301589966, 0.6823575009764199, -0.07502235472202301, -0.9907191395759583, -0.11334574222564697, 0.2662844053812141, -0.2577516436576843, 0.12906940281391144, -0.9575516581535339, 2.598746016122389, 0.0, 0.0, 0.0, 1.0, 4.2647, 0.0, 0.5, 0.0, 4.2647, 0.5, 0.0, 0.0, 1.0]], ["gglabs_Trim_109.png", [0.9632942080497742, -0.042622726410627365, -0.26504260301589966, 0.6823575009764199, -0.07502235472202301, -0.9907191395759583, -0.11334574222564697, 0.2662844053812141, -0.2577516436576843, 0.12906940281391144, -0.9575516581535339, 2.598746016122389, 0.0, 0.0, 0.0, 1.0, 4.2647, 0.0, 0.5, 0.0, 4.2647, 0.5, 0.0, 0.0, 1.0]], ["gglabs_Trim_110.png", [0.9632942080497742, -0.042622726410627365, -0.26504260301589966, 0.6823575009764199, -0.07502235472202301, -0.9907191395759583, -0.11334574222564697, 0.2662844053812141, -0.2577516436576843, 0.12906940281391144, -0.9575516581535339, 2.598746016122389, 0.0, 0.0, 0.0, 1.0, 4.2647, 0.0, 0.5, 0.0, 4.2647, 0.5, 0.0, 0.0, 1.0]], ["gglabs_Trim_111.png", [0.9632942080497742, -0.042622726410627365, -0.26504260301589966, 0.6823575009764199, -0.07502235472202301, -0.9907191395759583, -0.11334574222564697, 0.2662844053812141, -0.2577516436576843, 0.12906940281391144, -0.9575516581535339, 2.598746016122389, 0.0, 0.0, 0.0, 1.0, 4.2647, 0.0, 0.5, 0.0, 4.2647, 0.5, 0.0, 0.0, 1.0]], ["gglabs_Trim_112.png", [0.9632942080497742, -0.042622726410627365, -0.26504260301589966, 0.6823575009764199, -0.07502235472202301, -0.9907191395759583, -0.11334574222564697, 0.2662844053812141, -0.2577516436576843, 0.12906940281391144, -0.9575516581535339, 2.598746016122389, 0.0, 0.0, 0.0, 1.0, 4.2647, 0.0, 0.5, 0.0, 4.2647, 0.5, 0.0, 0.0, 1.0]], ["gglabs_Trim_113.png", [0.9632942080497742, -0.042622726410627365, -0.26504260301589966, 0.6823575009764199, -0.07502235472202301, -0.9907191395759583, -0.11334574222564697, 0.2662844053812141, -0.2577516436576843, 0.12906940281391144, -0.9575516581535339, 2.598746016122389, 0.0, 0.0, 0.0, 1.0, 4.2647, 0.0, 0.5, 0.0, 4.2647, 0.5, 0.0, 0.0, 1.0]], ["gglabs_Trim_114.png", [0.9632942080497742, -0.042622726410627365, -0.26504260301589966